"","Orig","Barking and Dagenham","Barnet","Bexley","Brent","Bromley","Camden","City of London","Croydon","Ealing","Enfield","Greenwich","Hackney","Hammersmith and Fulham","Haringey","Harrow","Havering","Hillingdon","Hounslow","Islington","Kensington and Chelsea","Kingston upon Thames","Lambeth","Lewisham","Merton","Newham","Redbridge","Richmond upon Thames","Southwark","Sutton","Tower Hamlets","Waltham Forest","Wandsworth","Westminster","(all)"
"1","Barking and Dagenham",0,454,1024,306,700,1926,3730,415,295,530,1282,979,484,542,167,3654,414,246,1428,494,132,730,573,194,2801,3760,146,1288,134,3038,825,418,4111,37220
"2","Barnet",217,0,148,4845,351,12838,6276,401,2068,2736,277,1517,2099,3385,2502,233,2402,992,4833,1986,286,1036,334,351,493,474,464,1333,188,2200,735,932,15460,74392
"3","Bexley",1786,539,0,432,3439,2534,5375,1207,461,478,5347,1013,794,551,232,1557,643,422,1720,795,269,1535,1715,417,2123,1112,267,2589,322,3956,557,809,6234,51230
"4","Brent",113,3737,91,0,257,9848,4475,345,6271,606,176,745,3898,959,3008,120,3204,1599,2676,2973,330,978,248,388,268,214,685,1063,183,1337,281,1125,17078,69279
"5","Bromley",666,701,1878,666,0,3480,7071,6975,801,499,2480,1047,1430,615,352,713,1106,831,2097,1368,686,3406,3403,1146,1250,684,573,4395,1132,3979,472,1800,9748,67450
"6","Camden",57,792,43,788,108,0,5967,129,416,265,96,891,1209,934,198,53,350,229,7417,1704,83,548,138,130,173,116,133,752,60,1181,187,451,26056,51654
"7","City of London",4,15,3,14,8,226,0,9,11,9,10,82,35,23,5,3,11,8,244,49,4,57,16,8,18,8,5,145,4,276,10,26,715,2061
"8","Croydon",300,606,499,676,5283,3172,5860,0,914,363,882,753,1731,474,343,323,1197,1084,1714,1559,1328,4453,1929,2706,645,373,858,3835,4993,2626,304,2828,9930,64541
"9","Ealing",125,1828,111,7189,355,5961,4185,534,0,488,206,634,5087,665,2863,138,10491,7811,2007,3059,740,1276,307,692,280,218,2131,1228,319,1332,251,1758,14572,78841
"10","Enfield",394,4264,204,1224,390,6692,5847,374,861,0,365,2056,1107,4558,730,423,1194,551,4211,1110,205,868,362,265,795,1129,282,1280,156,2740,2237,652,9430,56956
"11","Greenwich",996,450,2381,371,2022,2533,6831,950,380,381,0,1160,750,516,183,643,490,337,1853,788,214,1784,3219,372,3205,851,220,3812,259,6263,510,792,6536,52052
"12","Hackney",158,513,94,326,177,4879,11913,168,242,446,241,0,534,1603,132,121,267,167,9765,647,75,614,264,123,733,386,100,1251,66,6382,887,353,7449,51076
"13","Hammersmith and Fulham",45,405,42,976,138,3781,2889,221,1111,137,89,305,0,249,236,45,621,683,1117,13612,229,1012,158,382,119,77,503,822,129,700,92,1964,19730,52619
"14","Haringey",197,2577,115,947,234,11521,7371,239,573,2227,242,3611,983,0,389,181,642,346,9869,1098,131,727,269,188,566,516,188,1143,101,2799,1398,525,11169,63082
"15","Harrow",109,3408,86,5311,240,4369,2835,309,4410,638,153,531,1667,696,0,125,7315,1563,1594,1299,298,677,200,301,229,205,560,755,161,994,248,726,7971,49983
"16","Havering",5428,725,1326,486,1111,2673,4526,664,486,844,1229,1116,725,740,286,0,729,415,1823,716,220,1000,701,302,1860,3072,240,1593,218,3112,950,619,5687,45622
"17","Hillingdon",91,1110,81,1920,256,2619,2168,366,5485,354,139,366,1486,390,2483,108,0,3985,1033,1061,476,663,190,377,185,157,968,677,210,783,168,782,5915,37052
"18","Hounslow",84,710,83,1484,298,2652,2449,513,6323,253,148,353,2533,325,822,95,6171,0,1025,1554,1240,966,230,751,182,137,5981,852,356,830,144,1461,7397,48402
"19","Islington",74,528,51,379,115,13128,11409,124,248,295,124,3156,632,1416,128,64,244,156,0,840,65,522,164,106,270,163,93,906,53,2258,308,340,12033,50392
"20","Kensington and Chelsea",24,204,22,395,70,2830,2171,106,355,73,50,196,7226,148,98,24,235,223,788,0,87,610,90,160,69,42,158,532,57,448,52,877,27916,46336
"21","Kingston upon Thames",73,330,85,494,397,1550,1971,1014,967,152,152,258,1372,199,252,82,1190,2000,687,976,0,1187,269,2268,158,108,2746,891,1254,712,102,1846,4946,30688
"22","Lambeth",183,543,220,664,894,4655,12787,1544,756,292,574,953,2748,500,261,168,752,707,2503,3118,539,0,1908,1784,560,268,579,15915,656,3755,269,7079,21457,89591
"23","Lewisham",414,507,711,487,2583,3396,10684,1933,525,351,2996,1183,1236,535,222,341,624,487,2280,1326,353,5516,0,762,1386,493,346,13562,494,6726,396,1661,10617,75133
"24","Merton",118,448,146,641,732,2686,4159,2283,999,217,292,463,2525,315,282,124,1039,1338,1239,1991,2505,4341,642,0,285,171,1546,2327,2860,1422,164,8475,10085,56860
"25","Newham",1363,503,592,354,638,2859,7780,435,323,520,2007,2211,626,757,171,609,408,259,2519,684,140,1089,933,228,0,1985,160,2419,143,11016,1135,545,6245,51656
"26","Redbridge",3873,1022,657,599,740,4050,7046,532,532,1564,1129,2465,856,1464,325,2131,732,413,3216,889,201,1103,702,290,4203,0,238,1945,187,5551,3977,665,7708,61005
"27","Richmond upon Thames",75,497,78,952,308,2305,2410,608,2585,194,145,316,2795,265,441,83,2246,8961,914,1655,2550,1184,245,1300,168,118,0,926,496,797,121,2232,7358,45328
"28","Southwark",176,381,202,394,629,3480,17672,724,397,234,669,1057,1216,429,158,146,418,340,2367,1482,220,8669,2556,521,678,257,246,0,255,6280,259,1626,13438,67576
"29","Sutton",113,332,156,419,1004,1722,2763,5849,639,177,282,345,1187,235,209,124,806,881,852,984,1922,2217,578,3971,249,154,819,1582,0,1092,136,2198,5635,39632
"30","Tower Hamlets",194,295,145,232,267,2568,15859,233,202,236,516,2533,486,493,98,134,227,156,2773,586,83,961,595,150,1449,345,100,2950,83,0,403,418,6202,41972
"31","Waltham Forest",668,1246,259,617,401,5134,7561,341,481,2435,531,4455,805,3115,308,518,616,340,4779,868,150,871,444,219,1889,3126,192,1537,130,5096,0,549,8131,57812
"32","Wandsworth",147,686,163,1074,664,5378,8278,1378,1465,308,359,769,7493,508,393,146,1246,1503,2292,6305,1177,9947,808,4894,394,227,1533,4194,914,2296,238,0,26444,93621
"33","Westminster",49,386,43,553,122,10540,7643,164,411,151,100,550,2551,366,146,46,319,258,2750,6799,107,1022,175,197,153,89,171,1175,79,1154,120,896,0,39285
"34","(all)",18314,30742,11739,36215,24931,147985,209961,31087,41993,18453,23288,38069,60306,27970,18423,13275,48349,39291,86385,64375,17045,61569,24365,25943,27836,21035,23231,79674,16652,93131,17936,47428,353403,1800399
